<?xml version="1.0" encoding="utf-8"?>
<COLLADA xmlns="http://www.collada.org/2005/11/COLLADASchema" version="1.4.1">
  <asset>
    <contributor>
      <author>Blender User</author>
      <authoring_tool>Blender 2.76.0 commit date:2015-11-03, commit time:10:56, hash:f337fea</authoring_tool>
    </contributor>
    <created>2016-01-12T09:20:37</created>
    <modified>2016-01-12T09:20:37</modified>
    <unit name="meter" meter="1"/>
    <up_axis>Z_UP</up_axis>
  </asset>
  <library_images/>
  <library_effects>
    <effect id="Material_001-effect">
      <profile_COMMON>
        <technique sid="common">
          <phong>
            <emission>
              <color sid="emission">0 0 0 1</color>
            </emission>
            <ambient>
              <color sid="ambient">0 0 0 1</color>
            </ambient>
            <diffuse>
              <color sid="diffuse">0.64 0.64 0.64 1</color>
            </diffuse>
            <specular>
              <color sid="specular">0.5 0.5 0.5 1</color>
            </specular>
            <shininess>
              <float sid="shininess">50</float>
            </shininess>
            <index_of_refraction>
              <float sid="index_of_refraction">1</float>
            </index_of_refraction>
          </phong>
        </technique>
      </profile_COMMON>
    </effect>
  </library_effects>
  <library_materials>
    <material id="Material_001-material" name="Material_001">
      <instance_effect url="#Material_001-effect"/>
    </material>
  </library_materials>
  <library_geometries>
    <geometry id="Cylinder-mesh" name="Cylinder">
      <mesh>
        <source id="Cylinder-mesh-positions">
          <float_array id="Cylinder-mesh-positions-array" count="192">0 0.91 -0.03999996 0 0.91 0.03999996 0.1775321 0.8925146 -0.03999996 0.1775321 0.8925146 0.03999996 0.3482419 0.8407304 -0.03999996 0.3482419 0.8407304 0.03999996 0.5055689 0.7566373 -0.03999996 0.5055689 0.7566373 0.03999996 0.6434672 0.6434672 -0.03999996 0.6434672 0.6434672 0.03999996 0.7566374 0.5055689 -0.03999996 0.7566374 0.5055689 0.03999996 0.8407304 0.3482419 -0.03999996 0.8407304 0.3482419 0.03999996 0.8925146 0.1775322 -0.03999996 0.8925146 0.1775322 0.03999996 0.91 0 -0.03999996 0.91 0 0.03999996 0.8925147 -0.1775321 -0.03999996 0.8925147 -0.1775321 0.03999996 0.8407304 -0.3482418 -0.03999996 0.8407304 -0.3482418 0.03999996 0.7566374 -0.5055689 -0.03999996 0.7566374 -0.5055689 0.03999996 0.6434672 -0.6434672 -0.03999996 0.6434672 -0.6434672 0.03999996 0.5055689 -0.7566374 -0.03999996 0.5055689 -0.7566374 0.03999996 0.3482418 -0.8407305 -0.03999996 0.3482418 -0.8407305 0.03999996 0.177532 -0.8925147 -0.03999996 0.177532 -0.8925147 0.03999996 -2.96516e-7 -0.91 -0.03999996 -2.96516e-7 -0.91 0.03999996 -0.1775326 -0.8925145 -0.03999996 -0.1775326 -0.8925145 0.03999996 -0.3482424 -0.8407302 -0.03999996 -0.3482424 -0.8407302 0.03999996 -0.5055694 -0.7566371 -0.03999996 -0.5055694 -0.7566371 0.03999996 -0.6434676 -0.6434668 -0.03999996 -0.6434676 -0.6434668 0.03999996 -0.7566378 -0.5055684 -0.03999996 -0.7566378 -0.5055684 0.03999996 -0.8407307 -0.3482412 -0.03999996 -0.8407307 -0.3482412 0.03999996 -0.8925148 -0.1775314 -0.03999996 -0.8925148 -0.1775314 0.03999996 -0.91 8.78695e-7 -0.03999996 -0.91 8.78695e-7 0.03999996 -0.8925145 0.1775331 -0.03999996 -0.8925145 0.1775331 0.03999996 -0.84073 0.3482429 -0.03999996 -0.84073 0.3482429 0.03999996 -0.7566367 0.5055699 -0.03999996 -0.7566367 0.5055699 0.03999996 -0.6434664 0.643468 -0.03999996 -0.6434664 0.643468 0.03999996 -0.5055679 0.7566381 -0.03999996 -0.5055679 0.7566381 0.03999996 -0.3482407 0.8407309 -0.03999996 -0.3482407 0.8407309 0.03999996 -0.1775308 0.8925149 -0.03999996 -0.1775308 0.8925149 0.03999996</float_array>
          <technique_common>
            <accessor source="#Cylinder-mesh-positions-array" count="64" stride="3">
              <param name="X" type="float"/>
              <param name="Y" type="float"/>
              <param name="Z" type="float"/>
            </accessor>
          </technique_common>
        </source>
        <source id="Cylinder-mesh-normals">
          <float_array id="Cylinder-mesh-normals-array" count="258">0.09801739 0.9951847 0 0.2902845 0.9569405 0 0.4713968 0.8819213 0 0.6343933 0.7730104 0 0.7730103 0.6343935 0 0.8819212 0.4713968 0 0.9569402 0.2902852 0 0.9951848 0.09801715 0 0.9951847 -0.09801709 0 0.9569405 -0.2902842 0 0.8819216 -0.4713961 0 0.7730109 -0.6343929 0 0.634393 -0.7730108 0 0.4713968 -0.8819212 0 0.2902842 -0.9569405 0 0.09801703 -0.9951848 0 -0.09801769 -0.9951847 0 -0.2902852 -0.9569402 0 -0.4713968 -0.8819212 0 -0.6343939 -0.7730099 0 -0.7730106 -0.634393 0 -0.8819215 -0.4713963 0 -0.9569405 -0.290284 0 -0.9951849 -0.09801602 0 -0.9951847 0.0980181 0 -0.95694 0.2902861 0 -0.8819207 0.4713979 0 -0.7730094 0.6343945 0 -0.6343926 0.773011 0 -0.4713954 0.881922 0 0 0 1 -0.0980165 0.9951848 0 -0.2902832 0.9569408 0 0 0 -1 0.2902846 0.9569404 0 0.4713969 0.8819213 0 0.6343931 0.7730107 0 0.7730109 0.6343929 0 0.8819215 0.4713965 0 0.9569405 0.2902842 0 0.9951848 -0.09801608 0 0.9569402 -0.2902852 0 0.8819209 -0.4713973 0 0.7730103 -0.6343935 0 0.6343933 -0.7730105 0 0.4713971 -0.8819212 0 0.2902841 -0.9569405 0 0.09801697 -0.9951848 0 -0.09801769 -0.9951847 0 -0.4713969 -0.8819212 0 -0.773011 -0.6343927 0 -0.8819217 -0.4713959 0 -0.9569409 -0.2902831 0 -0.9951847 0.09801709 0 -0.8819209 0.4713975 0 -0.6343923 0.7730112 0 -0.4713956 0.881922 0 0 0 1 -1.50009e-7 0 1 -1.50009e-7 0 1 1.50009e-7 0 1 0 0 1 1.50009e-7 0 1 0 0 1 0 0 1 0 0 1 0 0 1 0 0 1 0 0 1 0 0 1 -0.2902831 0.9569409 0 1.50009e-7 0 -1 1.50009e-7 0 -1 3.00018e-7 0 -1 0 0 -1 1.50009e-7 0 -1 3.00017e-7 0 -1 0 0 -1 0 0 -1 0 0 -1 0 0 -1 0 0 -1 0 0 -1 0 0 -1 0 0 -1 0 0 -1</float_array>
          <technique_common>
            <accessor source="#Cylinder-mesh-normals-array" count="86" stride="3">
              <param name="X" type="float"/>
              <param name="Y" type="float"/>
              <param name="Z" type="float"/>
            </accessor>
          </technique_common>
        </source>
        <source id="Cylinder-mesh-map">
          <float_array id="Cylinder-mesh-map-array" count="744">0.9999665 0.02805995 0.9374705 0.02806001 0.9374705 3.35896e-5 0.9374705 0.02806001 0.8749746 0.02806013 0.8749745 3.36592e-5 0.8749746 0.02806013 0.8124786 0.02806013 0.8124786 3.37277e-5 0.8124786 0.02806013 0.7499828 0.02806019 0.7499827 3.37696e-5 0.7499828 0.02806019 0.6874869 0.02806019 0.6874869 3.37778e-5 0.6874869 0.02806019 0.624991 0.02806019 0.624991 3.3787e-5 0.624991 0.02806019 0.5624952 0.02806019 0.5624952 3.37942e-5 0.5624952 0.02806019 0.4999995 0.02806019 0.4999995 3.38024e-5 0.4999995 0.02806019 0.4375037 0.02806019 0.4375037 3.38044e-5 0.4375037 0.02806019 0.3750079 0.02806013 0.3750079 3.37798e-5 0.3750079 0.02806013 0.3125122 0.02806013 0.3125121 3.37594e-5 0.3125122 0.02806013 0.2500163 0.02806007 0.2500164 3.37512e-5 0.2500163 0.02806007 0.1875206 0.02806007 0.1875206 3.37226e-5 0.1875206 0.02806007 0.1250249 0.02805995 0.1250249 3.36367e-5 0.1250249 0.02805995 0.06252914 0.02805995 0.0625292 3.35937e-5 0.06252914 0.02805995 3.34812e-5 0.02805989 3.34812e-5 3.35344e-5 3.34817e-5 0.9714865 0.06252938 0.9714865 0.06252938 0.9995129 0.06252938 0.9714865 0.1250252 0.9714865 0.1250252 0.9995129 0.1250252 0.9714865 0.1875211 0.9714865 0.1875211 0.9995129 0.1875211 0.9714865 0.2500169 0.9714865 0.2500169 0.999513 0.2500169 0.9714865 0.3125128 0.9714866 0.3125128 0.999513 0.3125128 0.9714866 0.3750085 0.9714866 0.3750085 0.999513 0.3750085 0.9714866 0.4375044 0.9714866 0.4375044 0.999513 0.4375044 0.9714866 0.5000002 0.9714866 0.5000002 0.999513 0.5000002 0.9714866 0.5624959 0.9714866 0.5624959 0.999513 0.5624959 0.9714866 0.6249917 0.9714866 0.6249917 0.999513 0.6249917 0.9714866 0.6874876 0.9714866 0.6874876 0.999513 0.6874876 0.9714866 0.7499834 0.9714866 0.7499834 0.999513 0.7499834 0.9714866 0.8124793 0.9714865 0.8124793 0.999513 0.8124793 0.9714865 0.8749751 0.9714865 0.8749752 0.999513 0.308658 0.03806024 0.9619395 0.6913417 0.6913416 0.9619398 0.937471 0.9714865 0.9999664 0.9714865 0.9999664 0.9995129 0.8749751 0.9714865 0.937471 0.9714865 0.937471 0.9995129 0.4024379 0.009610772 0.9903894 0.4024383 0.5975616 0.9903894 0.9999664 3.34812e-5 0.9999665 0.02805995 0.9374705 3.35896e-5 0.9374705 3.35896e-5 0.9374705 0.02806001 0.8749745 3.36592e-5 0.8749745 3.36592e-5 0.8749746 0.02806013 0.8124786 3.37277e-5 0.8124786 3.37277e-5 0.8124786 0.02806013 0.7499827 3.37696e-5 0.7499827 3.37696e-5 0.7499828 0.02806019 0.6874869 3.37778e-5 0.6874869 3.37778e-5 0.6874869 0.02806019 0.624991 3.3787e-5 0.624991 3.3787e-5 0.624991 0.02806019 0.5624952 3.37942e-5 0.5624952 3.37942e-5 0.5624952 0.02806019 0.4999995 3.38024e-5 0.4999995 3.38024e-5 0.4999995 0.02806019 0.4375037 3.38044e-5 0.4375037 3.38044e-5 0.4375037 0.02806019 0.3750079 3.37798e-5 0.3750079 3.37798e-5 0.3750079 0.02806013 0.3125121 3.37594e-5 0.3125121 3.37594e-5 0.3125122 0.02806013 0.2500164 3.37512e-5 0.2500164 3.37512e-5 0.2500163 0.02806007 0.1875206 3.37226e-5 0.1875206 3.37226e-5 0.1875206 0.02806007 0.1250249 3.36367e-5 0.1250249 3.36367e-5 0.1250249 0.02805995 0.0625292 3.35937e-5 0.0625292 3.35937e-5 0.06252914 0.02805995 3.34812e-5 3.35344e-5 3.34817e-5 0.9995129 3.34817e-5 0.9714865 0.06252938 0.9995129 0.06252938 0.9995129 0.06252938 0.9714865 0.1250252 0.9995129 0.1250252 0.9995129 0.1250252 0.9714865 0.1875211 0.9995129 0.1875211 0.9995129 0.1875211 0.9714865 0.2500169 0.999513 0.2500169 0.999513 0.2500169 0.9714865 0.3125128 0.999513 0.3125128 0.999513 0.3125128 0.9714866 0.3750085 0.999513 0.3750085 0.999513 0.3750085 0.9714866 0.4375044 0.999513 0.4375044 0.999513 0.4375044 0.9714866 0.5000002 0.999513 0.5000002 0.999513 0.5000002 0.9714866 0.5624959 0.999513 0.5624959 0.999513 0.5624959 0.9714866 0.6249917 0.999513 0.6249917 0.999513 0.6249917 0.9714866 0.6874876 0.999513 0.6874876 0.999513 0.6874876 0.9714866 0.7499834 0.999513 0.7499834 0.999513 0.7499834 0.9714866 0.8124793 0.999513 0.8124793 0.999513 0.8124793 0.9714865 0.8749752 0.999513 0.6913416 0.9619398 0.597545 0.9903928 0.308659 0.9619401 0.5 1 0.4024555 0.9903929 0.308659 0.9619401 0.308659 0.9619401 0.2222154 0.9157354 0.146447 0.8535539 0.146447 0.8535539 0.08426553 0.7777858 0.03806042 0.6913422 0.03806042 0.6913422 0.009607493 0.5975458 0 0.5000004 0 0.5000004 0.009607255 0.4024553 0.03806 0.3086587 0.03806 0.3086587 0.08426493 0.2222151 0.308658 0.03806024 0.1464464 0.1464468 0.2222145 0.08426529 0.308658 0.03806024 0.308658 0.03806024 0.4024546 0.009607255 0.4999998 0 0.4999998 0 0.597545 0.009607255 0.308658 0.03806024 0.6913416 0.03806006 0.7777851 0.08426511 0.9619395 0.3086584 0.8535534 0.1464465 0.9157346 0.2222149 0.9619395 0.3086584 0.9619395 0.3086584 0.9903925 0.4024549 1 0.5 1 0.5 0.9903925 0.5975451 0.9619395 0.3086584 0.9619395 0.6913417 0.9157346 0.7777853 0.8535534 0.8535535 0.8535534 0.8535535 0.7777851 0.9157348 0.9619395 0.6913417 0.597545 0.9903928 0.5 1 0.308659 0.9619401 0.308659 0.9619401 0.146447 0.8535539 0.03806042 0.6913422 0.03806042 0.6913422 0 0.5000004 0.308658 0.03806024 0.08426493 0.2222151 0.1464464 0.1464468 0.308658 0.03806024 0.308658 0.03806024 0.597545 0.009607255 0.6913416 0.03806006 0.7777851 0.08426511 0.8535534 0.1464465 0.9619395 0.3086584 0.9619395 0.3086584 0.9903925 0.5975451 0.9619395 0.6913417 0.9619395 0.6913417 0.7777851 0.9157348 0.6913416 0.9619398 0.6913416 0.9619398 0.308659 0.9619401 0.308658 0.03806024 0 0.5000004 0.03806 0.3086587 0.308658 0.03806024 0.308658 0.03806024 0.6913416 0.03806006 0.9619395 0.3086584 0.9619395 0.3086584 0.9619395 0.6913417 0.308658 0.03806024 0.308659 0.9619401 0.03806042 0.6913422 0.308658 0.03806024 0.937471 0.9995129 0.937471 0.9714865 0.9999664 0.9995129 0.8749752 0.999513 0.8749751 0.9714865 0.937471 0.9995129 0.5975616 0.9903894 0.5000175 1 0.4024721 0.990396 0.4024721 0.990396 0.3086745 0.9619465 0.2222294 0.9157446 0.2222294 0.9157446 0.1464589 0.8535658 0.08427506 0.7777996 0.08427506 0.7777996 0.03806716 0.691358 0.2222294 0.9157446 0.009610891 0.5975623 0 0.5000175 0.009604096 0.402472 0.009604096 0.402472 0.03805381 0.3086745 0.08425575 0.2222294 0.08425575 0.2222294 0.1464343 0.1464588 0.2222003 0.08427482 0.2222003 0.08427482 0.3086423 0.03806692 0.4024379 0.009610772 0.4024379 0.009610772 0.4999828 0 0.5975283 0.009603977 0.5975283 0.009603977 0.6913258 0.03805357 0.7777709 0.08425569 0.7777709 0.08425569 0.8535413 0.1464344 0.9903894 0.4024383 0.9157254 0.2222005 0.9619333 0.3086424 0.9903894 0.4024383 0.9903894 0.4024383 1 0.499983 0.9903959 0.5975285 0.9903959 0.5975285 0.9619463 0.6913262 0.9157442 0.7777711 0.9157442 0.7777711 0.8535653 0.8535416 0.5975616 0.9903894 0.7777991 0.9157255 0.6913571 0.9619334 0.5975616 0.9903894 0.5975616 0.9903894 0.4024721 0.990396 0.2222294 0.9157446 0.2222294 0.9157446 0.03806716 0.691358 0.009610891 0.5975623 0.009610891 0.5975623 0.009604096 0.402472 0.4024379 0.009610772 0.08425575 0.2222294 0.2222003 0.08427482 0.4024379 0.009610772 0.4024379 0.009610772 0.5975283 0.009603977 0.9903894 0.4024383 0.8535413 0.1464344 0.9157254 0.2222005 0.9903894 0.4024383 0.9903894 0.4024383 0.9903959 0.5975285 0.9157442 0.7777711 0.8535653 0.8535416 0.7777991 0.9157255 0.5975616 0.9903894 0.5975616 0.9903894 0.2222294 0.9157446 0.009610891 0.5975623 0.009604096 0.402472 0.08425575 0.2222294 0.4024379 0.009610772 0.5975283 0.009603977 0.7777709 0.08425569 0.9903894 0.4024383 0.9903894 0.4024383 0.9157442 0.7777711 0.5975616 0.9903894 0.5975616 0.9903894 0.009610891 0.5975623 0.4024379 0.009610772</float_array>
          <technique_common>
            <accessor source="#Cylinder-mesh-map-array" count="372" stride="2">
              <param name="S" type="float"/>
              <param name="T" type="float"/>
            </accessor>
          </technique_common>
        </source>
        <vertices id="Cylinder-mesh-vertices">
          <input semantic="POSITION" source="#Cylinder-mesh-positions"/>
        </vertices>
        <polylist material="Material_001-material" count="124">
          <input semantic="VERTEX" source="#Cylinder-mesh-vertices" offset="0"/>
          <input semantic="NORMAL" source="#Cylinder-mesh-normals" offset="1"/>
          <input semantic="TEXCOORD" source="#Cylinder-mesh-map" offset="2" set="0"/>
          <vcount>3 3 3 3 3 3 3 3 3 3 3 3 3 3 3 3 3 3 3 3 3 3 3 3 3 3 3 3 3 3 3 3 3 3 3 3 3 3 3 3 3 3 3 3 3 3 3 3 3 3 3 3 3 3 3 3 3 3 3 3 3 3 3 3 3 3 3 3 3 3 3 3 3 3 3 3 3 3 3 3 3 3 3 3 3 3 3 3 3 3 3 3 3 3 3 3 3 3 3 3 3 3 3 3 3 3 3 3 3 3 3 3 3 3 3 3 3 3 3 3 3 3 3 3 </vcount>
          <p>1 0 0 3 0 1 2 0 2 3 1 3 5 1 4 4 1 5 5 2 6 7 2 7 6 2 8 7 3 9 9 3 10 8 3 11 9 4 12 11 4 13 10 4 14 11 5 15 13 5 16 12 5 17 13 6 18 15 6 19 14 6 20 15 7 21 17 7 22 16 7 23 17 8 24 19 8 25 18 8 26 19 9 27 21 9 28 20 9 29 21 10 30 23 10 31 22 10 32 23 11 33 25 11 34 24 11 35 25 12 36 27 12 37 26 12 38 27 13 39 29 13 40 28 13 41 29 14 42 31 14 43 30 14 44 31 15 45 33 15 46 32 15 47 33 16 48 35 16 49 34 16 50 35 17 51 37 17 52 36 17 53 37 18 54 39 18 55 38 18 56 39 19 57 41 19 58 40 19 59 41 20 60 43 20 61 42 20 62 43 21 63 45 21 64 44 21 65 45 22 66 47 22 67 46 22 68 47 23 69 49 23 70 48 23 71 49 24 72 51 24 73 50 24 74 51 25 75 53 25 76 52 25 77 53 26 78 55 26 79 54 26 80 55 27 81 57 27 82 56 27 83 57 28 84 59 28 85 58 28 86 59 29 87 61 29 88 60 29 89 37 30 90 13 30 91 5 30 92 63 31 93 1 31 94 0 31 95 61 32 96 63 32 97 62 32 98 30 33 99 46 33 100 62 33 101 0 0 102 1 0 103 2 0 104 2 34 105 3 34 106 4 34 107 4 35 108 5 35 109 6 35 110 6 36 111 7 36 112 8 36 113 8 37 114 9 37 115 10 37 116 10 38 117 11 38 118 12 38 119 12 39 120 13 39 121 14 39 122 14 7 123 15 7 124 16 7 125 16 40 126 17 40 127 18 40 128 18 41 129 19 41 130 20 41 131 20 42 132 21 42 133 22 42 134 22 43 135 23 43 136 24 43 137 24 44 138 25 44 139 26 44 140 26 45 141 27 45 142 28 45 143 28 46 144 29 46 145 30 46 146 30 47 147 31 47 148 32 47 149 32 48 150 33 48 151 34 48 152 34 17 153 35 17 154 36 17 155 36 49 156 37 49 157 38 49 158 38 19 159 39 19 160 40 19 161 40 50 162 41 50 163 42 50 164 42 51 165 43 51 166 44 51 167 44 52 168 45 52 169 46 52 170 46 23 171 47 23 172 48 23 173 48 53 174 49 53 175 50 53 176 50 25 177 51 25 178 52 25 179 52 54 180 53 54 181 54 54 182 54 27 183 55 27 184 56 27 185 56 55 186 57 55 187 58 55 188 58 56 189 59 56 190 60 56 191 5 57 192 3 57 193 61 57 194 1 57 195 63 57 196 61 57 197 61 57 198 59 57 199 57 57 200 57 58 201 55 58 202 53 58 203 53 59 204 51 59 205 49 59 206 49 60 207 47 60 208 45 60 209 45 57 210 43 57 211 37 57 212 41 57 213 39 57 214 37 57 215 37 61 216 35 61 217 33 61 218 33 57 219 31 57 220 37 57 221 29 57 222 27 57 223 21 57 224 25 62 225 23 62 226 21 62 227 21 57 228 19 57 229 17 57 230 17 57 231 15 57 232 21 57 233 13 62 234 11 62 235 9 62 236 9 57 237 7 57 238 13 57 239 3 57 240 1 57 241 61 57 242 61 63 243 57 63 244 53 63 245 53 64 246 49 64 247 37 64 248 43 65 249 41 65 250 37 65 251 37 57 252 31 57 253 29 57 254 27 57 255 25 57 256 21 57 257 21 66 258 15 66 259 13 66 260 13 67 261 7 67 262 5 67 263 5 57 264 61 57 265 37 57 266 49 68 267 45 68 268 37 68 269 37 69 270 29 69 271 21 69 272 21 57 273 13 57 274 37 57 275 61 57 276 53 57 277 37 57 278 62 31 279 63 31 280 0 31 281 60 70 282 61 70 283 62 70 284 62 33 285 0 33 286 2 33 287 2 33 288 4 33 289 6 33 290 6 71 291 8 71 292 10 71 293 10 33 294 12 33 295 6 33 296 14 72 297 16 72 298 18 72 299 18 73 300 20 73 301 22 73 302 22 33 303 24 33 304 26 33 305 26 33 306 28 33 307 30 33 308 30 33 309 32 33 310 34 33 311 34 74 312 36 74 313 38 74 314 38 33 315 40 33 316 46 33 317 42 33 318 44 33 319 46 33 320 46 75 321 48 75 322 50 75 323 50 76 324 52 76 325 54 76 326 54 33 327 56 33 328 62 33 329 58 33 330 60 33 331 62 33 332 62 33 333 2 33 334 6 33 335 6 77 336 12 77 337 14 77 338 14 33 339 18 33 340 30 33 341 22 78 342 26 78 343 30 78 344 30 79 345 34 79 346 46 79 347 40 80 348 42 80 349 46 80 350 46 81 351 50 81 352 54 81 353 56 82 354 58 82 355 62 82 356 62 83 357 6 83 358 14 83 359 18 84 360 22 84 361 30 84 362 34 33 363 38 33 364 46 33 365 46 85 366 54 85 367 62 85 368 62 33 369 14 33 370 30 33 371</p>
        </polylist>
      </mesh>
    </geometry>
  </library_geometries>
  <library_controllers/>
  <library_visual_scenes>
    <visual_scene id="Scene" name="Scene">
      <node id="Cylinder" name="Cylinder" type="NODE">
        <matrix sid="transform">1 0 0 0 0 1 0 0 0 0 1 0 0 0 0 1</matrix>
        <instance_geometry url="#Cylinder-mesh" name="Cylinder">
          <bind_material>
            <technique_common>
              <instance_material symbol="Material_001-material" target="#Material_001-material"/>
            </technique_common>
          </bind_material>
        </instance_geometry>
      </node>
    </visual_scene>
  </library_visual_scenes>
  <scene>
    <instance_visual_scene url="#Scene"/>
  </scene>
</COLLADA>