<?xml version="1.0" encoding="utf-8"?>
<COLLADA xmlns="http://www.collada.org/2005/11/COLLADASchema" version="1.4.1">
  <asset>
    <contributor>
      <author>Blender User</author>
      <authoring_tool>Blender 2.76.0 commit date:2015-11-03, commit time:10:56, hash:f337fea</authoring_tool>
    </contributor>
    <created>2016-01-14T10:33:08</created>
    <modified>2016-01-14T10:33:08</modified>
    <unit name="meter" meter="1"/>
    <up_axis>Z_UP</up_axis>
  </asset>
  <library_images/>
  <library_effects>
    <effect id="Material_001-effect">
      <profile_COMMON>
        <technique sid="common">
          <phong>
            <emission>
              <color sid="emission">0 0 0 1</color>
            </emission>
            <ambient>
              <color sid="ambient">0 0 0 1</color>
            </ambient>
            <diffuse>
              <color sid="diffuse">0.64 0.64 0.64 1</color>
            </diffuse>
            <specular>
              <color sid="specular">0.5 0.5 0.5 1</color>
            </specular>
            <shininess>
              <float sid="shininess">50</float>
            </shininess>
            <index_of_refraction>
              <float sid="index_of_refraction">1</float>
            </index_of_refraction>
          </phong>
        </technique>
      </profile_COMMON>
    </effect>
  </library_effects>
  <library_materials>
    <material id="Material_001-material" name="Material_001">
      <instance_effect url="#Material_001-effect"/>
    </material>
  </library_materials>
  <library_geometries>
    <geometry id="Cylinder-mesh" name="Cylinder">
      <mesh>
        <source id="Cylinder-mesh-positions">
          <float_array id="Cylinder-mesh-positions-array" count="192">0 0.91 -0.03999996 0 0.91 0.03999996 0.2130386 1.071017 -0.04799997 0.2130386 1.071017 0.04799997 0.3482419 0.8407304 -0.03999996 0.3482419 0.8407304 0.03999996 0.6066827 0.9079648 -0.04799997 0.6066827 0.9079648 0.04799997 0.6434672 0.6434672 -0.03999996 0.6434672 0.6434672 0.03999996 0.9079649 0.6066826 -0.04799997 0.9079649 0.6066826 0.04799997 0.8407304 0.3482419 -0.03999996 0.8407304 0.3482419 0.03999996 1.071017 0.2130386 -0.04799997 1.071017 0.2130386 0.04799997 0.91 0 -0.03999996 0.91 0 0.03999996 1.071017 -0.2130386 -0.04799997 1.071017 -0.2130386 0.04799997 0.8407304 -0.3482418 -0.03999996 0.8407304 -0.3482418 0.03999996 0.9079649 -0.6066827 -0.04799997 0.9079649 -0.6066827 0.04799997 0.6434672 -0.6434672 -0.03999996 0.6434672 -0.6434672 0.03999996 0.6066826 -0.907965 -0.04799997 0.6066826 -0.907965 0.04799997 0.3482418 -0.8407305 -0.03999996 0.3482418 -0.8407305 0.03999996 0.2130383 -1.071018 -0.04799997 0.2130383 -1.071018 0.04799997 -2.96516e-7 -0.91 -0.03999996 -2.96516e-7 -0.91 0.03999996 -0.2130391 -1.071018 -0.04799997 -0.2130391 -1.071018 0.04799997 -0.3482424 -0.8407302 -0.03999996 -0.3482424 -0.8407302 0.03999996 -0.6066833 -0.9079646 -0.04799997 -0.6066833 -0.9079646 0.04799997 -0.6434676 -0.6434668 -0.03999996 -0.6434676 -0.6434668 0.03999996 -0.9079654 -0.6066821 -0.04799997 -0.9079654 -0.6066821 0.04799997 -0.8407307 -0.3482412 -0.03999996 -0.8407307 -0.3482412 0.03999996 -1.071018 -0.2130377 -0.04799997 -1.071018 -0.2130377 0.04799997 -0.91 8.78695e-7 -0.03999996 -0.91 8.78695e-7 0.03999996 -1.071017 0.2130397 -0.04799997 -1.071017 0.2130397 0.04799997 -0.84073 0.3482429 -0.03999996 -0.84073 0.3482429 0.03999996 -0.9079642 0.6066838 -0.04799997 -0.9079642 0.6066838 0.04799997 -0.6434664 0.643468 -0.03999996 -0.6434664 0.643468 0.03999996 -0.6066815 0.9079657 -0.04799997 -0.6066815 0.9079657 0.04799997 -0.3482407 0.8407309 -0.03999996 -0.3482407 0.8407309 0.03999996 -0.213037 1.071018 -0.04799997 -0.213037 1.071018 0.04799997</float_array>
          <technique_common>
            <accessor source="#Cylinder-mesh-positions-array" count="64" stride="3">
              <param name="X" type="float"/>
              <param name="Y" type="float"/>
              <param name="Z" type="float"/>
            </accessor>
          </technique_common>
        </source>
        <source id="Cylinder-mesh-normals">
          <float_array id="Cylinder-mesh-normals-array" count="330">-0.6029638 0.7977686 0 0.8623587 0.5062978 0 -0.2517734 0.9677863 0 0.9904674 0.1377471 0 0.1377476 0.9904674 0 0.9677862 -0.2517735 0 0.5062971 0.8623591 0 0.7977679 -0.6029646 0 0.7977683 0.6029643 0 0.5062974 -0.8623589 0 0.9677862 0.2517737 0 0.1377472 -0.9904674 0 0.9904674 -0.1377474 0 -0.2517737 -0.9677862 0 0.8623589 -0.5062975 0 -0.6029646 -0.7977679 0 0.602964 -0.7977684 0 -0.8623593 -0.5062969 0 0.2517732 -0.9677863 0 -0.9904675 -0.1377467 0 -0.1377478 -0.9904673 0 -0.9677863 0.2517734 0 -0.5062979 -0.8623586 0 -0.7977677 0.602965 0 -0.7977685 -0.602964 0 -0.5062967 0.8623595 0 -0.9677865 -0.2517725 0 -0.1377461 0.9904676 0 -0.9904674 0.1377479 0 0.2517747 0.9677859 0 0 0 1 0.6029676 0.7977657 0 -0.8623582 0.5062988 0 0 0 -1 -0.6029639 0.7977685 0 0.8623589 0.5062976 0 -0.2517735 0.9677862 0 0.9904674 0.1377474 0 0.1377477 0.9904674 0 0.967786 -0.2517744 0 0.5062977 0.8623588 0 0.7977681 -0.6029645 0 0.7977681 0.6029645 0 0.5062972 -0.8623591 0 0.9677863 0.2517734 0 0.1377472 -0.9904674 0 0.9904674 -0.1377481 0 -0.2517737 -0.9677863 0 0.8623587 -0.5062979 0 -0.6029646 -0.7977681 0 -0.8623595 -0.5062966 0 0.2517732 -0.9677863 0 -0.9904676 -0.1377462 0 -0.1377479 -0.9904674 0 -0.9677861 0.2517742 0 -0.5062981 -0.8623585 0 -0.7977674 0.6029654 0 -0.7977683 -0.6029641 0 -0.506296 0.8623598 0 -0.9677867 -0.2517721 0 -0.1377459 0.9904677 0 -0.9904672 0.1377491 0 0.2517746 0.9677859 0 -0.007817447 -0.03930109 0.9991969 0.007817447 -0.03930103 0.9991969 0.02226221 -0.0333178 0.9991968 0.03331774 -0.02226227 0.9991968 0.03930097 -0.007817506 0.9991969 0.03930097 0.007817387 0.9991969 0.03331774 0.02226221 0.9991968 0.02226221 0.03331774 0.9991969 0.007817447 0.03930103 0.9991968 -0.007817387 0.03930097 0.9991968 -0.02226221 0.0333178 0.9991968 -0.03331774 0.02226221 0.9991969 -0.03930103 0.007817447 0.9991969 -0.03930097 -0.007817447 0.9991969 -0.0333178 -0.02226221 0.9991969 -0.02226221 -0.0333178 0.9991969 0 0 1 0 0 1 0 0 1 0 0 1 0 0 1 0 0 1 0.6029675 0.7977658 0 -0.8623581 0.5062989 0 -0.007817447 -0.03930109 -0.9991969 0.007817447 -0.03930103 -0.9991969 0.02226221 -0.0333178 -0.9991968 0.03331774 -0.02226227 -0.9991968 0.03930097 -0.007817506 -0.9991969 0.03930097 0.007817387 -0.9991969 0.0333178 0.02226221 -0.9991968 0.02226221 0.03331774 -0.9991969 0.007817447 0.03930103 -0.9991968 -0.007817387 0.03930097 -0.9991968 -0.02226221 0.0333178 -0.9991968 -0.03331774 0.02226221 -0.9991968 -0.03930103 0.007817447 -0.9991969 -0.03930097 -0.007817447 -0.9991969 -0.0333178 -0.02226221 -0.9991969 -0.02226221 -0.0333178 -0.9991969 0 0 -1 0 0 -1 0 0 -1 0 0 -1 0 0 -1 0 0 -1 0 0 -1</float_array>
          <technique_common>
            <accessor source="#Cylinder-mesh-normals-array" count="110" stride="3">
              <param name="X" type="float"/>
              <param name="Y" type="float"/>
              <param name="Z" type="float"/>
            </accessor>
          </technique_common>
        </source>
        <source id="Cylinder-mesh-map">
          <float_array id="Cylinder-mesh-map-array" count="744">0.9999665 0.02805995 0.9374705 0.02806001 0.9374705 3.35896e-5 0.9374705 0.02806001 0.8749746 0.02806013 0.8749745 3.36592e-5 0.8749746 0.02806013 0.8124786 0.02806013 0.8124786 3.37277e-5 0.8124786 0.02806013 0.7499828 0.02806019 0.7499827 3.37696e-5 0.7499828 0.02806019 0.6874869 0.02806019 0.6874869 3.37778e-5 0.6874869 0.02806019 0.624991 0.02806019 0.624991 3.3787e-5 0.624991 0.02806019 0.5624952 0.02806019 0.5624952 3.37942e-5 0.5624952 0.02806019 0.4999995 0.02806019 0.4999995 3.38024e-5 0.4999995 0.02806019 0.4375037 0.02806019 0.4375037 3.38044e-5 0.4375037 0.02806019 0.3750079 0.02806013 0.3750079 3.37798e-5 0.3750079 0.02806013 0.3125122 0.02806013 0.3125121 3.37594e-5 0.3125122 0.02806013 0.2500163 0.02806007 0.2500164 3.37512e-5 0.2500163 0.02806007 0.1875206 0.02806007 0.1875206 3.37226e-5 0.1875206 0.02806007 0.1250249 0.02805995 0.1250249 3.36367e-5 0.1250249 0.02805995 0.06252914 0.02805995 0.0625292 3.35937e-5 0.06252914 0.02805995 3.34812e-5 0.02805989 3.34812e-5 3.35344e-5 3.34817e-5 0.9714865 0.06252938 0.9714865 0.06252938 0.9995129 0.06252938 0.9714865 0.1250252 0.9714865 0.1250252 0.9995129 0.1250252 0.9714865 0.1875211 0.9714865 0.1875211 0.9995129 0.1875211 0.9714865 0.2500169 0.9714865 0.2500169 0.999513 0.2500169 0.9714865 0.3125128 0.9714866 0.3125128 0.999513 0.3125128 0.9714866 0.3750085 0.9714866 0.3750085 0.999513 0.3750085 0.9714866 0.4375044 0.9714866 0.4375044 0.999513 0.4375044 0.9714866 0.5000002 0.9714866 0.5000002 0.999513 0.5000002 0.9714866 0.5624959 0.9714866 0.5624959 0.999513 0.5624959 0.9714866 0.6249917 0.9714866 0.6249917 0.999513 0.6249917 0.9714866 0.6874876 0.9714866 0.6874876 0.999513 0.6874876 0.9714866 0.7499834 0.9714866 0.7499834 0.999513 0.7499834 0.9714866 0.8124793 0.9714865 0.8124793 0.999513 0.8124793 0.9714865 0.8749751 0.9714865 0.8749752 0.999513 0.308658 0.03806024 0.9619395 0.6913417 0.6913416 0.9619398 0.937471 0.9714865 0.9999664 0.9714865 0.9999664 0.9995129 0.8749751 0.9714865 0.937471 0.9714865 0.937471 0.9995129 0.03806716 0.691358 0.03805381 0.3086745 0.6913258 0.03805357 0.9999664 3.34812e-5 0.9999665 0.02805995 0.9374705 3.35896e-5 0.9374705 3.35896e-5 0.9374705 0.02806001 0.8749745 3.36592e-5 0.8749745 3.36592e-5 0.8749746 0.02806013 0.8124786 3.37277e-5 0.8124786 3.37277e-5 0.8124786 0.02806013 0.7499827 3.37696e-5 0.7499827 3.37696e-5 0.7499828 0.02806019 0.6874869 3.37778e-5 0.6874869 3.37778e-5 0.6874869 0.02806019 0.624991 3.3787e-5 0.624991 3.3787e-5 0.624991 0.02806019 0.5624952 3.37942e-5 0.5624952 3.37942e-5 0.5624952 0.02806019 0.4999995 3.38024e-5 0.4999995 3.38024e-5 0.4999995 0.02806019 0.4375037 3.38044e-5 0.4375037 3.38044e-5 0.4375037 0.02806019 0.3750079 3.37798e-5 0.3750079 3.37798e-5 0.3750079 0.02806013 0.3125121 3.37594e-5 0.3125121 3.37594e-5 0.3125122 0.02806013 0.2500164 3.37512e-5 0.2500164 3.37512e-5 0.2500163 0.02806007 0.1875206 3.37226e-5 0.1875206 3.37226e-5 0.1875206 0.02806007 0.1250249 3.36367e-5 0.1250249 3.36367e-5 0.1250249 0.02805995 0.0625292 3.35937e-5 0.0625292 3.35937e-5 0.06252914 0.02805995 3.34812e-5 3.35344e-5 3.34817e-5 0.9995129 3.34817e-5 0.9714865 0.06252938 0.9995129 0.06252938 0.9995129 0.06252938 0.9714865 0.1250252 0.9995129 0.1250252 0.9995129 0.1250252 0.9714865 0.1875211 0.9995129 0.1875211 0.9995129 0.1875211 0.9714865 0.2500169 0.999513 0.2500169 0.999513 0.2500169 0.9714865 0.3125128 0.999513 0.3125128 0.999513 0.3125128 0.9714866 0.3750085 0.999513 0.3750085 0.999513 0.3750085 0.9714866 0.4375044 0.999513 0.4375044 0.999513 0.4375044 0.9714866 0.5000002 0.999513 0.5000002 0.999513 0.5000002 0.9714866 0.5624959 0.999513 0.5624959 0.999513 0.5624959 0.9714866 0.6249917 0.999513 0.6249917 0.999513 0.6249917 0.9714866 0.6874876 0.999513 0.6874876 0.999513 0.6874876 0.9714866 0.7499834 0.999513 0.7499834 0.999513 0.7499834 0.9714866 0.8124793 0.999513 0.8124793 0.999513 0.8124793 0.9714865 0.8749752 0.999513 0.6913416 0.9619398 0.597545 0.9903928 0.5 1 0.5 1 0.4024555 0.9903929 0.308659 0.9619401 0.308659 0.9619401 0.2222154 0.9157354 0.146447 0.8535539 0.146447 0.8535539 0.08426553 0.7777858 0.03806042 0.6913422 0.03806042 0.6913422 0.009607493 0.5975458 0 0.5000004 0 0.5000004 0.009607255 0.4024553 0.03806 0.3086587 0.03806 0.3086587 0.08426493 0.2222151 0.1464464 0.1464468 0.1464464 0.1464468 0.2222145 0.08426529 0.308658 0.03806024 0.308658 0.03806024 0.4024546 0.009607255 0.4999998 0 0.4999998 0 0.597545 0.009607255 0.6913416 0.03806006 0.6913416 0.03806006 0.7777851 0.08426511 0.8535534 0.1464465 0.8535534 0.1464465 0.9157346 0.2222149 0.9619395 0.3086584 0.9619395 0.3086584 0.9903925 0.4024549 1 0.5 1 0.5 0.9903925 0.5975451 0.9619395 0.6913417 0.9619395 0.6913417 0.9157346 0.7777853 0.8535534 0.8535535 0.8535534 0.8535535 0.7777851 0.9157348 0.6913416 0.9619398 0.6913416 0.9619398 0.5 1 0.308659 0.9619401 0.308659 0.9619401 0.146447 0.8535539 0.03806042 0.6913422 0.03806042 0.6913422 0 0.5000004 0.308658 0.03806024 0.03806 0.3086587 0.1464464 0.1464468 0.308658 0.03806024 0.308658 0.03806024 0.4999998 0 0.6913416 0.03806006 0.6913416 0.03806006 0.8535534 0.1464465 0.9619395 0.3086584 0.9619395 0.3086584 1 0.5 0.9619395 0.6913417 0.9619395 0.6913417 0.8535534 0.8535535 0.6913416 0.9619398 0.6913416 0.9619398 0.308659 0.9619401 0.308658 0.03806024 0 0.5000004 0.03806 0.3086587 0.308658 0.03806024 0.308658 0.03806024 0.6913416 0.03806006 0.9619395 0.3086584 0.9619395 0.3086584 0.9619395 0.6913417 0.308658 0.03806024 0.308659 0.9619401 0.03806042 0.6913422 0.308658 0.03806024 0.937471 0.9995129 0.937471 0.9714865 0.9999664 0.9995129 0.8749752 0.999513 0.8749751 0.9714865 0.937471 0.9995129 0.5000175 1 0.4024721 0.990396 0.3086745 0.9619465 0.6913571 0.9619334 0.5975616 0.9903894 0.5000175 1 0.8535653 0.8535416 0.7777991 0.9157255 0.6913571 0.9619334 0.9619463 0.6913262 0.9157442 0.7777711 0.8535653 0.8535416 1 0.499983 0.9903959 0.5975285 0.9619463 0.6913262 0.9619333 0.3086424 0.9903894 0.4024383 1 0.499983 0.8535413 0.1464344 0.9157254 0.2222005 0.9619333 0.3086424 0.6913258 0.03805357 0.7777709 0.08425569 0.8535413 0.1464344 0.4999828 0 0.5975283 0.009603977 0.6913258 0.03805357 0.3086423 0.03806692 0.4024379 0.009610772 0.4999828 0 0.1464343 0.1464588 0.2222003 0.08427482 0.3086423 0.03806692 0.03805381 0.3086745 0.08425575 0.2222294 0.1464343 0.1464588 0 0.5000175 0.009604096 0.402472 0.03805381 0.3086745 0.03806716 0.691358 0.009610891 0.5975623 0 0.5000175 0.1464589 0.8535658 0.08427506 0.7777996 0.03806716 0.691358 0.3086745 0.9619465 0.2222294 0.9157446 0.1464589 0.8535658 0.6913571 0.9619334 0.5000175 1 0.3086745 0.9619465 0.9619463 0.6913262 0.8535653 0.8535416 0.6913571 0.9619334 0.9619333 0.3086424 1 0.499983 0.6913258 0.03805357 0.6913258 0.03805357 0.8535413 0.1464344 0.9619333 0.3086424 0.3086423 0.03806692 0.4999828 0 0.6913258 0.03805357 0.03805381 0.3086745 0.1464343 0.1464588 0.3086423 0.03806692 0.03806716 0.691358 0 0.5000175 0.03805381 0.3086745 0.3086745 0.9619465 0.1464589 0.8535658 0.03806716 0.691358 0.9619463 0.6913262 0.6913571 0.9619334 0.3086745 0.9619465 0.6913258 0.03805357 1 0.499983 0.9619463 0.6913262 0.03805381 0.3086745 0.3086423 0.03806692 0.6913258 0.03805357 0.3086745 0.9619465 0.03806716 0.691358 0.6913258 0.03805357 0.6913258 0.03805357 0.9619463 0.6913262 0.3086745 0.9619465</float_array>
          <technique_common>
            <accessor source="#Cylinder-mesh-map-array" count="372" stride="2">
              <param name="S" type="float"/>
              <param name="T" type="float"/>
            </accessor>
          </technique_common>
        </source>
        <vertices id="Cylinder-mesh-vertices">
          <input semantic="POSITION" source="#Cylinder-mesh-positions"/>
        </vertices>
        <polylist material="Material_001-material" count="124">
          <input semantic="VERTEX" source="#Cylinder-mesh-vertices" offset="0"/>
          <input semantic="NORMAL" source="#Cylinder-mesh-normals" offset="1"/>
          <input semantic="TEXCOORD" source="#Cylinder-mesh-map" offset="2" set="0"/>
          <vcount>3 3 3 3 3 3 3 3 3 3 3 3 3 3 3 3 3 3 3 3 3 3 3 3 3 3 3 3 3 3 3 3 3 3 3 3 3 3 3 3 3 3 3 3 3 3 3 3 3 3 3 3 3 3 3 3 3 3 3 3 3 3 3 3 3 3 3 3 3 3 3 3 3 3 3 3 3 3 3 3 3 3 3 3 3 3 3 3 3 3 3 3 3 3 3 3 3 3 3 3 3 3 3 3 3 3 3 3 3 3 3 3 3 3 3 3 3 3 3 3 3 3 3 3 </vcount>
          <p>1 0 0 3 0 1 2 0 2 3 1 3 5 1 4 4 1 5 5 2 6 7 2 7 6 2 8 7 3 9 9 3 10 8 3 11 9 4 12 11 4 13 10 4 14 11 5 15 13 5 16 12 5 17 13 6 18 15 6 19 14 6 20 15 7 21 17 7 22 16 7 23 17 8 24 19 8 25 18 8 26 19 9 27 21 9 28 20 9 29 21 10 30 23 10 31 22 10 32 23 11 33 25 11 34 24 11 35 25 12 36 27 12 37 26 12 38 27 13 39 29 13 40 28 13 41 29 14 42 31 14 43 30 14 44 31 15 45 33 15 46 32 15 47 33 16 48 35 16 49 34 16 50 35 17 51 37 17 52 36 17 53 37 18 54 39 18 55 38 18 56 39 19 57 41 19 58 40 19 59 41 20 60 43 20 61 42 20 62 43 21 63 45 21 64 44 21 65 45 22 66 47 22 67 46 22 68 47 23 69 49 23 70 48 23 71 49 24 72 51 24 73 50 24 74 51 25 75 53 25 76 52 25 77 53 26 78 55 26 79 54 26 80 55 27 81 57 27 82 56 27 83 57 28 84 59 28 85 58 28 86 59 29 87 61 29 88 60 29 89 37 30 90 13 30 91 5 30 92 63 31 93 1 31 94 0 31 95 61 32 96 63 32 97 62 32 98 12 33 99 20 33 100 36 33 101 0 34 102 1 34 103 2 34 104 2 35 105 3 35 106 4 35 107 4 36 108 5 36 109 6 36 110 6 37 111 7 37 112 8 37 113 8 38 114 9 38 115 10 38 116 10 39 117 11 39 118 12 39 119 12 40 120 13 40 121 14 40 122 14 41 123 15 41 124 16 41 125 16 42 126 17 42 127 18 42 128 18 43 129 19 43 130 20 43 131 20 44 132 21 44 133 22 44 134 22 45 135 23 45 136 24 45 137 24 46 138 25 46 139 26 46 140 26 47 141 27 47 142 28 47 143 28 48 144 29 48 145 30 48 146 30 49 147 31 49 148 32 49 149 32 16 150 33 16 151 34 16 152 34 50 153 35 50 154 36 50 155 36 51 156 37 51 157 38 51 158 38 52 159 39 52 160 40 52 161 40 53 162 41 53 163 42 53 164 42 54 165 43 54 166 44 54 167 44 55 168 45 55 169 46 55 170 46 56 171 47 56 172 48 56 173 48 57 174 49 57 175 50 57 176 50 58 177 51 58 178 52 58 179 52 59 180 53 59 181 54 59 182 54 60 183 55 60 184 56 60 185 56 61 186 57 61 187 58 61 188 58 62 189 59 62 190 60 62 191 5 63 192 3 63 193 1 63 194 1 64 195 63 64 196 61 64 197 61 65 198 59 65 199 57 65 200 57 66 201 55 66 202 53 66 203 53 67 204 51 67 205 49 67 206 49 68 207 47 68 208 45 68 209 45 69 210 43 69 211 41 69 212 41 70 213 39 70 214 37 70 215 37 71 216 35 71 217 33 71 218 33 72 219 31 72 220 29 72 221 29 73 222 27 73 223 25 73 224 25 74 225 23 74 226 21 74 227 21 75 228 19 75 229 17 75 230 17 76 231 15 76 232 13 76 233 13 77 234 11 77 235 9 77 236 9 78 237 7 78 238 5 78 239 5 79 240 1 79 241 61 79 242 61 80 243 57 80 244 53 80 245 53 81 246 49 81 247 37 81 248 45 82 249 41 82 250 37 82 251 37 79 252 33 79 253 29 79 254 29 79 255 25 79 256 21 79 257 21 79 258 17 79 259 13 79 260 13 79 261 9 79 262 5 79 263 5 79 264 61 79 265 37 79 266 49 83 267 45 83 268 37 83 269 37 84 270 29 84 271 21 84 272 21 79 273 13 79 274 37 79 275 61 79 276 53 79 277 37 79 278 62 85 279 63 85 280 0 85 281 60 86 282 61 86 283 62 86 284 0 87 285 2 87 286 4 87 287 60 88 288 62 88 289 0 88 290 56 89 291 58 89 292 60 89 293 52 90 294 54 90 295 56 90 296 48 91 297 50 91 298 52 91 299 44 92 300 46 92 301 48 92 302 40 93 303 42 93 304 44 93 305 36 94 306 38 94 307 40 94 308 32 95 309 34 95 310 36 95 311 28 96 312 30 96 313 32 96 314 24 97 315 26 97 316 28 97 317 20 98 318 22 98 319 24 98 320 16 99 321 18 99 322 20 99 323 12 100 324 14 100 325 16 100 326 8 101 327 10 101 328 12 101 329 4 102 330 6 102 331 8 102 332 60 33 333 0 33 334 4 33 335 52 103 336 56 103 337 60 103 338 44 104 339 48 104 340 36 104 341 36 105 342 40 105 343 44 105 344 28 33 345 32 33 346 36 33 347 20 33 348 24 33 349 28 33 350 12 33 351 16 33 352 20 33 353 4 33 354 8 33 355 12 33 356 52 106 357 60 106 358 4 106 359 36 107 360 48 107 361 52 107 362 20 108 363 28 108 364 36 108 365 4 109 366 12 109 367 36 109 368 36 33 369 52 33 370 4 33 371</p>
        </polylist>
      </mesh>
    </geometry>
  </library_geometries>
  <library_visual_scenes>
    <visual_scene id="Scene" name="Scene">
      <node id="Cylinder" name="Cylinder" type="NODE">
        <matrix sid="transform">1 0 0 0 0 1 0 0 0 0 1 0 0 0 0 1</matrix>
        <instance_geometry url="#Cylinder-mesh" name="Cylinder">
          <bind_material>
            <technique_common>
              <instance_material symbol="Material_001-material" target="#Material_001-material"/>
            </technique_common>
          </bind_material>
        </instance_geometry>
      </node>
    </visual_scene>
  </library_visual_scenes>
  <scene>
    <instance_visual_scene url="#Scene"/>
  </scene>
</COLLADA>